procs -----------memory---------- ---swap-- -----io---- -system-- ------cpu-----
 r  b   swpd   free   buff  cache   si   so    bi    bo   in   cs us sy id wa st
 1  0      0 12771068  11232  98536    0    0     5   236    9   22  0  0 100  0  0
 0  0      0 12761860  11232  98536    0    0     0     0    3   32  0  0 100  0  0
 0  0      0 12751652  11232  98536    0    0     0     0    2   24  0  0 100  0  0
 0  0      0 12741444  11232  98536    0    0     0     0    2   24  0  0 100  0  0
 0  0      0 12731236  11232  98536    0    0     0     0    3   24  0  0 100  0  0
 0  0      0 12721028  11232  98536    0    0     0     0    2   26  0  0 100  0  0
 0  0      0 12710556  11240  98528    0    0     0    28   42  127  0  0 100  0  0
 0  0      0 12699844  11240  98528    0    0     0     0    3   26  0  0 100  0  0
 0  0      0 12689636  11240  98540    0    0     0     0   95  243  0  0 100  0  0
 0  0      0 12679176  11240  98540    0    0     0     0    2   25  0  0 100  0  0
 0  0      0 12668976  11240  98540    0    0     0     0  918 1912  0  0 100  0  0
 1  0      0 12770372  11240  98540    0    0     0     0 1383 2844  0  1 98  0  0
 0  0      0 12770552  11248  98540    0    0     0    16 1694 3500  0  1 99  0  0
 0  0      0 12770560  11248  98540    0    0     0     0 2479 5027  0  1 99  0  0
 0  0      0 12770560  11248  98540    0    0     0     0 1370 2820  0  1 99  0  0
 0  0      0 12770560  11248  98540    0    0     0     0    1   24  0  0 100  0  0
 0  0      0 12770560  11248  98540    0    0     0     0  929 1917  0  0 99  0  0
 0  0      0 12770560  11248  98540    0    0     0     0  910 1869  0  0 100  0  0
 0  0      0 12770560  11256  98532    0    0     0    12  904 1862  0  0 100  0  0
 0  0      0 12770560  11256  98532    0    0     0     0    1   22  0  0 100  0  0
 0  0      0 12770560  11256  98532    0    0     0     0    1   20  0  0 100  0  0
procs -----------memory---------- ---swap-- -----io---- -system-- ------cpu-----
 r  b   swpd   free   buff  cache   si   so    bi    bo   in   cs us sy id wa st
 0  0      0 12770560  11256  98532    0    0     0     0    1   25  0  0 100  0  0
 0  0      0 12770560  11256  98532    0    0     0     0    1   22  0  0 100  0  0
 0  0      0 12770560  11256  98532    0    0     0     0    1   25  0  0 100  0  0
 0  0      0 12770560  11264  98524    0    0     0    12    5   34  0  0 100  0  0
 0  0      0 12770560  11264  98524    0    0     0     0    1   25  0  0 100  0  0
 0  0      0 12770560  11264  98524    0    0     0     0    2   22  0  0 100  0  0
 0  0      0 12770560  11264  98524    0    0     0     0    1   25  0  0 100  0  0
 0  0      0 12770560  11264  98524    0    0     0     0    2   42  0  0 100  0  0
 0  0      0 12770560  11264  98524    0    0     0     0    3   31  0  0 100  0  0
 0  0      0 12770560  11272  98516    0    0     0    12    4   32  0  0 100  0  0
 0  0      0 12770560  11272  98544    0    0     4     4    3   30  0  0 100  0  0
 0  0      0 12770560  11272  98544    0    0     0     0    1   22  0  0 100  0  0
 0  0      0 12770560  11272  98544    0    0     0     0    2   25  0  0 100  0  0
 0  0      0 12770560  11272  98544    0    0     0     0    1   22  0  0 100  0  0
 0  0      0 12770560  11272  98544    0    0     0     0    2   32  0  0 100  0  0
 0  0      0 12770560  11280  98536    0    0     0    44    5   34  0  0 100  0  0
 0  0      0 12770568  11280  98544    0    0     0     0  346  721  0  0 100  0  0
 1  0      0 12770568  11280  98544    0    0     0     0 3427 6956  1  1 99  0  0
 0  0      0 12770048  11280  98544    0    0     0     0 3320 6713  0  1 99  0  0
 0  0      0 12770300  11280  98544    0    0     0     0  286  605  0  0 100  0  0
 0  0      0 12770300  11280  98544    0    0     0     0    2   29  0  0 100  0  0
procs -----------memory---------- ---swap-- -----io---- -system-- ------cpu-----
 r  b   swpd   free   buff  cache   si   so    bi    bo   in   cs us sy id wa st
 0  0      0 12770300  11288  98544    0    0     0    12    5   35  0  0 100  0  0
 0  0      0 12770300  11288  98544    0    0     0     0   30   83  0  0 100  0  0
 0  0      0 12770300  11288  98548    0    0     0     0    2   27  0  0 100  0  0
 0  0      0 12770300  11288  98548    0    0     0     0  227  502  0  0 100  0  0
 0  0      0 12770300  11288  98548    0    0     0     0    4   21  0  0 100  0  0
 0  0      0 12770300  11288  98548    0    0     0     0 1995 4043  0  0 99  0  0
 0  0      0 12770316  11296  98540    0    0     0    12    5   44  0  0 100  0  0
 0  0      0 12770316  11296  98540    0    0     0     0   59  152  0  0 100  0  0
 0  0      0 12770316  11296  98540    0    0     0     0    2   26  0  0 100  0  0
 0  0      0 12770316  11296  98540    0    0     0     0    3   28  0  0 100  0  0
 0  0      0 12770316  11296  98540    0    0     0     0    2   24  0  0 100  0  0
 0  0      0 12770316  11296  98540    0    0     0     0    2   21  0  0 100  0  0
 0  0      0 12770316  11304  98532    0    0     0    12  824 1681  0  0 100  0  0
 1  0      0 12770316  11304  98532    0    0     0     0  336  691  0  0 100  0  0
 0  0      0 12770316  11304  98532    0    0     0     0 1300 2641  0  0 100  0  0
 0  0      0 12770316  11304  98532    0    0     0     0    3   24  0  0 100  0  0
 0  0      0 12770316  11304  98532    0    0     0     0  822 1670  0  1 99  0  0
 0  0      0 12770316  11304  98532    0    0     0     0  981 1992  0  0 99  0  0
 0  0      0 12770316  11312  98524    0    0     0    12  663 1358  0  0 100  0  0
 0  0      0 12770316  11312  98524    0    0     0     0    2   24  0  0 100  0  0
 0  0      0 12770316  11312  98524    0    0     0     0    3   26  0  0 100  0  0
procs -----------memory---------- ---swap-- -----io---- -system-- ------cpu-----
 r  b   swpd   free   buff  cache   si   so    bi    bo   in   cs us sy id wa st
 0  0      0 12770568  11312  98552    0    0     0     0  263  563  0  0 100  0  0
 0  0      0 12770568  11312  98552    0    0     0     0  272  602  0  0 100  0  0
 0  0      0 12770568  11312  98552    0    0     0     0    1   28  0  0 100  0  0
 0  0      0 12770568  11320  98552    0    0     0    44    6   39  0  0 100  0  0
 0  0      0 12770568  11320  98552    0    0     0     0    2   22  0  0 100  0  0
 0  0      0 12770568  11320  98552    0    0     0     0    3   34  0  0 100  0  0
 0  0      0 12770540  11320  98552    0    0     0     4    9   44  0  0 100  0  0
 0  0      0 12770540  11320  98552    0    0     0     0    2   24  0  0 100  0  0
 0  0      0 12770540  11320  98552    0    0     0     0    2   24  0  0 100  0  0
 0  0      0 12770444  11328  98540    0    0     0    20    9   45  0  0 100  0  0
 0  0      0 12770444  11328  98540    0    0     0     0    3   20  0  0 100  0  0
 0  0      0 12770444  11328  98540    0    0     0     0    4   51  0  0 100  0  0
 0  0      0 12770444  11328  98540    0    0     0     0    1   22  0  0 100  0  0
 0  0      0 12770444  11328  98540    0    0     0    24    2   25  0  0 100  0  0
 0  0      0 12770444  11328  98540    0    0     0     0    2   24  0  0 100  0  0
 0  0      0 12770444  11336  98540    0    0     0    12    5   34  0  0 100  0  0
 0  0      0 12770444  11336  98540    0    0     0     0    2   24  0  0 100  0  0
 0  0      0 12770444  11336  98540    0    0     0     0  245  524  0  0 100  0  0
 0  0      0 12770444  11336  98540    0    0     0     0  640 1315  0  0 100  0  0
 0  0      0 12770192  11336  98540    0    0     0     0  476  984  0  0 100  0  0
 0  0      0 12769932  11336  98540    0    0     0     0  660 1349  0  0 100  0  0
procs -----------memory---------- ---swap-- -----io---- -system-- ------cpu-----
 r  b   swpd   free   buff  cache   si   so    bi    bo   in   cs us sy id wa st
 0  0      0 12769932  11344  98532    0    0     0    12    6   35  0  0 100  0  0
 0  0      0 12769932  11344  98540    0    0     0     0 1776 3606  0  1 99  0  0
 0  0      0 12769932  11344  98540    0    0     0     0  819 1676  0  0 100  0  0
 0  0      0 12769932  11344  98540    0    0     0     0  821 1677  0  0 100  0  0
 0  0      0 12769932  11344  98540    0    0     0     0  820 1677  0  0 100  0  0
 0  0      0 12769932  11344  98540    0    0     0     0    3   25  0  0 100  0  0
 0  0      0 12769940  11352  98544    0    0     0    12 1922 3910  0  1 99  0  0
 0  0      0 12769940  11352  98544    0    0     0     0  820 1683  0  0 100  0  0
 0  0      0 12769940  11352  98544    0    0     0     0  821 1681  0  1 99  0  0
 0  0      0 12769940  11352  98544    0    0     0     0  969 1970  0  0 99  0  0
 0  0      0 12769940  11352  98544    0    0     0     0  819 1680  0  1 99  0  0
 0  0      0 12769940  11352  98544    0    0     0     0 2286 4637  0  1 98  0  0
 0  0      0 12769940  11360  98544    0    0     0    16  323  680  0  0 100  0  0
 0  0      0 12769940  11360  98544    0    0     0     0  819 1680  0  0 100  0  0
 0  0      0 12769940  11360  98544    0    0     0     0 1634 3346  0  1 99  0  0
 0  0      0 12769940  11360  98544    0    0     0     0  818 1676  0  0 100  0  0
 0  0      0 12769940  11360  98536    0    0     0     0 1028 2104  0  1 99  0  0
 0  0      0 12769940  11368  98536    0    0     0    48    5   37  0  0 100  0  0
 0  0      0 12769940  11368  98544    0    0     0     0    4   29  0  0 100  0  0
 0  0      0 12769940  11368  98544    0    0     0     0    2   22  0  0 100  0  0
 0  0      0 12769940  11368  98544    0    0     0     0    2   25  0  0 100  0  0
procs -----------memory---------- ---swap-- -----io---- -system-- ------cpu-----
 r  b   swpd   free   buff  cache   si   so    bi    bo   in   cs us sy id wa st
 0  0      0 12769940  11368  98544    0    0     0     0    3   24  0  0 100  0  0
 0  0      0 12769940  11368  98544    0    0     0     0    2   24  0  0 100  0  0
 0  0      0 12769940  11376  98536    0    0     0    12    5   30  0  0 100  0  0
 0  0      0 12769940  11376  98536    0    0     0     0    2   22  0  0 100  0  0
 0  0      0 12769940  11376  98536    0    0     0     0    2   20  0  0 100  0  0
 0  0      0 12769940  11376  98544    0    0     0     0    5   46  0  0 100  0  0
 0  0      0 12769940  11376  98544    0    0     0    28    3   23  0  0 100  0  0
 0  0      0 12769940  11376  98544    0    0     0     0   58  146  0  0 100  0  0
 0  0      0 12769940  11384  98544    0    0     0    12  193  423  0  0 100  0  0
 0  0      0 12769940  11384  98544    0    0     0     0    2   26  0  0 100  0  0
 0  0      0 12769940  11384  98544    0    0     0     0    2   20  0  0 100  0  0
 0  0      0 12769940  11384  98544    0    0     0     0    3   30  0  0 100  0  0
 0  0      0 12769940  11384  98544    0    0     0     0    2   20  0  0 100  0  0
 0  0      0 12769940  11392  98536    0    0     0    16    5   32  0  0 100  0  0
 0  0      0 12769940  11392  98536    0    0     0     0    2   20  0  0 100  0  0
 0  0      0 12769940  11392  98536    0    0     0     0    2   22  0  0 100  0  0
 0  0      0 12769940  11392  98536    0    0     0     0    2   22  0  0 100  0  0
 0  0      0 12769940  11392  98536    0    0     0     0    2   22  0  0 100  0  0
 0  0      0 12769940  11392  98536    0    0     0     0    2   34  0  0 100  0  0
 0  0      0 12769940  11400  98544    0    0     0    12    6   37  0  0 100  0  0
 0  0      0 12769940  11400  98544    0    0     0     0    2   18  0  0 100  0  0
procs -----------memory---------- ---swap-- -----io---- -system-- ------cpu-----
 r  b   swpd   free   buff  cache   si   so    bi    bo   in   cs us sy id wa st
 0  0      0 12769940  11400  98544    0    0     0     0    2   25  0  0 100  0  0
 0  0      0 12769940  11400  98544    0    0     0     0    4   24  0  0 100  0  0
 0  0      0 12769940  11400  98544    0    0     0     0    2   20  0  0 100  0  0
 0  0      0 12769940  11400  98544    0    0     0     0    3   32  0  0 100  0  0
 0  0      0 12769940  11408  98544    0    0     0    12    9   46  0  0 100  0  0
 0  0      0 12769940  11408  98544    0    0     0     0    2   22  0  0 100  0  0
 0  0      0 12769940  11408  98544    0    0     0     8    2   22  0  0 100  0  0
 0  0      0 12769940  11408  98544    0    0     0     0    3   22  0  0 100  0  0
 0  0      0 12769940  11408  98544    0    0     0     0    2   20  0  0 100  0  0
 0  0      0 12769940  11408  98544    0    0     0     0    3   24  0  0 100  0  0
 0  0      0 12769908  11416  98548    0    0     0    20    7   39  0  0 100  0  0
 0  0      0 12769908  11416  98548    0    0     0     0    2   24  0  0 100  0  0
 0  0      0 12769908  11416  98548    0    0     0     0    3   26  0  0 100  0  0
 0  0      0 12769908  11416  98548    0    0     0     0    2   22  0  0 100  0  0
 0  0      0 12769908  11416  98548    0    0     0     0    2   20  0  0 100  0  0
 0  0      0 12769908  11416  98548    0    0     0     0    2   22  0  0 100  0  0
 0  0      0 12769908  11424  98540    0    0     0    12    5   32  0  0 100  0  0
 0  0      0 12769908  11424  98540    0    0     0     0    2   22  0  0 100  0  0
 0  0      0 12769908  11424  98540    0    0     0     0    2   22  0  0 100  0  0
 0  0      0 12769908  11424  98540    0    0     0     0    2   22  0  0 100  0  0
 0  0      0 12769908  11424  98540    0    0     0     0    2   20  0  0 100  0  0
procs -----------memory---------- ---swap-- -----io---- -system-- ------cpu-----
 r  b   swpd   free   buff  cache   si   so    bi    bo   in   cs us sy id wa st
 1  0      0 12769908  11424  98548    0    0     0    20    4   30  0  0 100  0  0
 0  0      0 12769908  11432  98540    0    0     0     4    5   31  0  0 100  0  0
 0  0      0 12769908  11432  98540    0    0     0     0    3   26  0  0 100  0  0
 0  0      0 12769908  11432  98540    0    0     0     0    2   20  0  0 100  0  0
 0  0      0 12769908  11432  98540    0    0     0     0    2   18  0  0 100  0  0
 0  0      0 12769908  11432  98540    0    0     0     0    2   22  0  0 100  0  0
 0  0      0 12769908  11440  98548    0    0     0    12    5   32  0  0 100  0  0
 0  0      0 12769908  11440  98548    0    0     0     0    2   25  0  0 100  0  0
 0  0      0 12769908  11440  98548    0    0     0     0    2   22  0  0 100  0  0
 0  0      0 12769908  11440  98548    0    0     0     0    2   22  0  0 100  0  0
 0  0      0 12769908  11440  98548    0    0     0     0    2   22  0  0 100  0  0
 0  0      0 12769908  11440  98548    0    0     0     0    2   22  0  0 100  0  0
 0  0      0 12769908  11448  98540    0    0     0    12    5   30  0  0 100  0  0
 0  0      0 12769908  11448  98540    0    0     0     0    3   24  0  0 100  0  0
 0  0      0 12769908  11448  98540    0    0     0     0    2   20  0  0 100  0  0
 0  0      0 12769908  11448  98540    0    0     0     0    2   24  0  0 100  0  0
 0  0      0 12769908  11448  98540    0    0     0     0    2   20  0  0 100  0  0
 0  0      0 12769908  11448  98540    0    0     0     0    2   25  0  0 100  0  0
 0  0      0 12769908  11456  98532    0    0     0    12    5   30  0  0 100  0  0
 0  0      0 12769908  11456  98532    0    0     0     0    2   22  0  0 100  0  0
 0  0      0 12769908  11456  98532    0    0     0     8    2   22  0  0 100  0  0
procs -----------memory---------- ---swap-- -----io---- -system-- ------cpu-----
 r  b   swpd   free   buff  cache   si   so    bi    bo   in   cs us sy id wa st
 0  0      0 12769908  11456  98532    0    0     0     0    2   22  0  0 100  0  0
 0  0      0 12769908  11456  98532    0    0     0     0    2   20  0  0 100  0  0
 0  0      0 12769908  11456  98548    0    0     0     0    3   27  0  0 100  0  0
 0  0      0 12769908  11464  98548    0    0     0    20    6   32  0  0 100  0  0
 0  0      0 12769908  11464  98548    0    0     0     0    2   26  0  0 100  0  0
 0  0      0 12769908  11464  98548    0    0     0     0    2   20  0  0 100  0  0
 0  0      0 12769908  11464  98548    0    0     0     0    2   22  0  0 100  0  0
 0  0      0 12769908  11464  98548    0    0     0     0    2   20  0  0 100  0  0
 0  0      0 12769908  11464  98548    0    0     0     0    2   24  0  0 100  0  0
 0  0      0 12769908  11472  98548    0    0     0    12    6   35  0  0 100  0  0
 0  0      0 12769908  11472  98548    0    0     0     0    2   18  0  0 100  0  0
 0  0      0 12769908  11472  98548    0    0     0     0    2   20  0  0 100  0  0
 0  0      0 12769908  11472  98548    0    0     0     0    3   22  0  0 100  0  0
 0  0      0 12769908  11472  98548    0    0     0     0    2   22  0  0 100  0  0
 0  0      0 12769908  11472  98548    0    0     0     0    3   24  0  0 100  0  0
 0  0      0 12769908  11480  98540    0    0     0    12    5   32  0  0 100  0  0
 0  0      0 12769908  11480  98540    0    0     0     0    2   20  0  0 100  0  0
 0  0      0 12769908  11480  98540    0    0     0     0    2   24  0  0 100  0  0
 0  0      0 12769908  11480  98540    0    0     0     0    2   20  0  0 100  0  0
 0  0      0 12769908  11480  98540    0    0     0     8    3   26  0  0 100  0  0
 0  0      0 12769908  11480  98552    0    0     0     0    5   27  0  0 100  0  0
procs -----------memory---------- ---swap-- -----io---- -system-- ------cpu-----
 r  b   swpd   free   buff  cache   si   so    bi    bo   in   cs us sy id wa st
 0  0      0 12769908  11488  98552    0    0     0    12    5   32  0  0 100  0  0
 0  0      0 12769908  11488  98552    0    0     0     0    3   34  0  0 100  0  0
 0  0      0 12769908  11488  98552    0    0     0     0    2   22  0  0 100  0  0
 0  0      0 12769908  11488  98552    0    0     0     0    2   25  0  0 100  0  0
 0  0      0 12769908  11488  98552    0    0     0     0  246  538  0  0 100  0  0
 0  0      0 12769908  11488  98552    0    0     0     0    2   20  0  0 100  0  0
 0  0      0 12769908  11496  98552    0    0     0    12    6   37  0  0 100  0  0
 0  0      0 12769908  11496  98552    0    0     0     0    2   21  0  0 100  0  0
 1  0      0 12769908  11496  98552    0    0     0     0 2847 5762  0  1 99  0  0
 0  0      0 12769908  11496  98552    0    0     0     0 1524 3097  0  0 99  0  0
 0  0      0 12769908  11496  98552    0    0     0     0  822 1682  0  0 100  0  0
 0  0      0 12769908  11496  98552    0    0     0     0 1786 3649  0  1 99  0  0
 0  0      0 12769908  11504  98544    0    0     0    12    5   32  0  0 100  0  0
 0  0      0 12769908  11504  98544    0    0     0     8  960 1960  0  0 100  0  0
 0  0      0 12769908  11504  98552    0    0     0     0    4   28  0  0 100  0  0
 0  0      0 12769908  11504  98552    0    0     0     0  821 1672  0  0 99  0  0
 0  0      0 12769908  11504  98552    0    0     0     0  961 1961  0  0 99  0  0
 0  0      0 12769908  11504  98552    0    0     0     0 1787 3641  0  1 99  0  0
 0  0      0 12769908  11512  98552    0    0     0    20  822 1692  0  0 100  0  0
 0  0      0 12769908  11512  98552    0    0     0     0 1785 3613  0  1 99  0  0
 0  0      0 12769908  11512  98552    0    0     0     0  820 1681  0  0 100  0  0
procs -----------memory---------- ---swap-- -----io---- -system-- ------cpu-----
 r  b   swpd   free   buff  cache   si   so    bi    bo   in   cs us sy id wa st
 0  0      0 12769908  11512  98552    0    0     0     0 1640 3337  0  0 99  0  0
 0  0      0 12769908  11512  98552    0    0     0     0 1785 3610  0  1 99  0  0
 1  0      0 12769908  11512  98552    0    0     0     0  367  756  0  0 100  0  0
 0  0      0 12769908  11520  98544    0    0     0    12 1424 2897  0  1 99  0  0
 0  0      0 12769908  11520  98544    0    0     0     0  823 1686  0  1 99  0  0
 0  0      0 12769908  11520  98544    0    0     0     0 1619 3293  0  1 99  0  0
 0  0      0 12769908  11520  98552    0    0     0     0 1436 3723  0  0 99  0  0
 0  0      0 12769908  11520  98552    0    0     0     0   43  194  0  0 100  0  0
 0  0      0 12769908  11520  98552    0    0     0     0  125  537  0  0 100  0  0
 0  0      0 12769908  11528  98552    0    0     0    36    7   36  0  0 100  0  0
 0  0      0 12769908  11528  98552    0    0     0     0    3   29  0  0 100  0  0
 0  0      0 12769908  11528  98552    0    0     0     0    2   20  0  0 100  0  0
 0  0      0 12769908  11528  98552    0    0     0    28    2   24  0  0 100  0  0
 0  0      0 12769908  11528  98552    0    0     0     0    2   22  0  0 100  0  0
 0  0      0 12769908  11528  98552    0    0     0     0    2   22  0  0 100  0  0
 0  0      0 12769908  11536  98556    0    0     0    12    8   37  0  0 100  0  0
 0  0      0 12769908  11536  98556    0    0     0     0    2   24  0  0 100  0  0
 0  0      0 12769908  11536  98556    0    0     0     0    2   24  0  0 100  0  0
 0  0      0 12769908  11536  98556    0    0     0     0    5   42  0  0 100  0  0
 0  0      0 12769908  11536  98556    0    0     0     0    2   20  0  0 100  0  0
 0  0      0 12769908  11536  98556    0    0     0     0    3   20  0  0 100  0  0
procs -----------memory---------- ---swap-- -----io---- -system-- ------cpu-----
 r  b   swpd   free   buff  cache   si   so    bi    bo   in   cs us sy id wa st
 0  0      0 12769908  11544  98548    0    0     0    12    5   30  0  0 100  0  0
 0  0      0 12769908  11544  98548    0    0     0     0    2   22  0  0 100  0  0
 0  0      0 12769908  11544  98548    0    0     0     0    2   22  0  0 100  0  0
 0  0      0 12769908  11544  98548    0    0     0     0    2   20  0  0 100  0  0
 0  0      0 12769908  11544  98548    0    0     0     0    2   22  0  0 100  0  0
 0  0      0 12769908  11544  98556    0    0     0     0    2   23  0  0 100  0  0
 0  0      0 12769908  11552  98556    0    0     0    20  128  538  0  0 100  0  0
 0  0      0 12769908  11552  98556    0    0     0     0    2   24  0  0 100  0  0
 0  0      0 12769908  11552  98556    0    0     0     0    2   26  0  0 100  0  0
 0  0      0 12769908  11552  98556    0    0     0     0    2   20  0  0 100  0  0
 0  0      0 12769908  11552  98556    0    0     0     0    3   22  0  0 100  0  0
 0  0      0 12769908  11552  98556    0    0     0     0    2   22  0  0 100  0  0
 0  0      0 12769908  11560  98556    0    0     0    20    6   37  0  0 100  0  0
 0  0      0 12769908  11560  98556    0    0     0     0  124  522  0  0 100  0  0
 0  0      0 12769908  11560  98556    0    0     0     0    2   24  0  0 100  0  0
 0  0      0 12769908  11560  98556    0    0     0     0    3   22  0  0 100  0  0
 0  0      0 12769908  11560  98556    0    0     0     4    3   26  0  0 100  0  0
 0  0      0 12769908  11560  98556    0    0     0     0  492 1951  0  0 100  0  0
 0  0      0 12769908  11568  98556    0    0     0    20  420 1692  0  0 100  0  0
 0  0      0 12769908  11568  98556    0    0     0     0    3   30  0  0 100  0  0
 0  0      0 12769780  11568  98556    0    0     0     0  507 1990  0  1 99  0  0
procs -----------memory---------- ---swap-- -----io---- -system-- ------cpu-----
 r  b   swpd   free   buff  cache   si   so    bi    bo   in   cs us sy id wa st
 0  0      0 12769780  11568  98556    0    0     0     0    3   22  0  0 100  0  0
 0  0      0 12769780  11568  98556    0    0     0     0 1416 5572  0  1 99  0  0
 0  0      0 12769780  11568  98556    0    0     0     0  912 3605  0  0 99  0  0
 0  0      0 12769780  11576  98548    0    0     0    12  415 1682  0  0 100  0  0
 0  0      0 12769780  11576  98548    0    0     0     0    2   24  0  0 100  0  0
 0  0      0 12769780  11576  98548    0    0     0    12    3   26  0  0 100  0  0
 0  0      0 12769780  11576  98548    0    0     0     0    2   20  0  0 100  0  0
 0  0      0 12769780  11576  98556    0    0     0     0  425 1708  0  0 100  0  0
 0  0      0 12769780  11576  98556    0    0     0     0  812 3289  0  0 99  0  0
 0  0      0 12769780  11584  98548    0    0     0    12  418 1684  0  0 99  0  0
 0  0      0 12769780  11584  98556    0    0     0     0  413 1672  0  0 100  0  0
 0  0      0 12769780  11584  98556    0    0     0     0  411 1672  0  0 100  0  0
 0  0      0 12769780  11584  98556    0    0     0     0    2   22  0  0 100  0  0
 0  0      0 12769780  11584  98556    0    0     0     0  573 2310  0  0 100  0  0
 0  0      0 12770032  11584  98556    0    0     0     0    6   33  0  0 100  0  0
 0  0      0 12770032  11592  98548    0    0     0    36    6   32  0  0 100  0  0
 0  0      0 12770032  11592  98548    0    0     0     8    3   28  0  0 100  0  0
 0  0      0 12770032  11592  98548    0    0     0     0  127  536  0  0 100  0  0
 0  0      0 12770032  11592  98548    0    0     0     0    2   22  0  0 100  0  0
 0  0      0 12770032  11592  98548    0    0     0     0  501 1962  0  0 100  0  0
 0  0      0 12770032  11592  98560    0    0     0     0  835 3252  0  1 99  0  0
procs -----------memory---------- ---swap-- -----io---- -system-- ------cpu-----
 r  b   swpd   free   buff  cache   si   so    bi    bo   in   cs us sy id wa st
 1  0      0 12770032  11600  98560    0    0     0    24  492 1961  0  0 99  0  0
 0  0      0 12770032  11600  98560    0    0     0     0  427 1699  0  0 100  0  0
 0  0      0 12770032  11600  98560    0    0     0     0 1318 5258  0  1 99  0  0
 0  0      0 12770032  11600  98560    0    0     0     0  417 1680  0  0 100  0  0
 0  0      0 12770032  11600  98560    0    0     0     0  912 3615  0  1 99  0  0
 0  0      0 12770032  11600  98560    0    0     0     0  410 1684  0  0 100  0  0
 0  0      0 12770032  11608  98552    0    0     0    12  416 1687  0  0 100  0  0
 0  0      0 12770032  11608  98552    0    0     0     0    2   24  0  0 100  0  0
 0  0      0 12770032  11608  98552    0    0     0     0  409 1669  0  0 100  0  0
 0  0      0 12770032  11608  98552    0    0     0     0  912 3616  0  1 99  0  0
 0  0      0 12770032  11608  98552    0    0     0     0    3   27  0  0 100  0  0
 0  0      0 12770032  11608  98552    0    0     0     0    2   26  0  0 100  0  0
 0  0      0 12770032  11616  98544    0    0     0    12    5   32  0  0 100  0  0
 0  0      0 12770032  11616  98544    0    0     0     0 1405 5541  0  0 99  0  0
 0  0      0 12770032  11616  98544    0    0     0     0  907 3618  0  0 99  0  0
 0  0      0 12770032  11616  98544    0    0     0     0  912 3617  0  0 100  0  0
 0  0      0 12770032  11616  98544    0    0     0     0    4   32  0  0 100  0  0
 0  0      0 12770032  11616  98544    0    0     0     0  916 3611  0  1 99  0  0
 0  0      0 12770032  11624  98536    0    0     0    12  828 3296  0  0 99  0  0
 0  0      0 12770032  11624  98536    0    0     0     0  908 3611  0  0 99  0  0
 0  0      0 12769780  11624  98536    0    0     0    28  823 3325  0  0 100  0  0
procs -----------memory---------- ---swap-- -----io---- -system-- ------cpu-----
 r  b   swpd   free   buff  cache   si   so    bi    bo   in   cs us sy id wa st
 0  0      0 12769772  11624  98560    0    0     0     0 1000 3905  0  0 99  0  0
 0  0      0 12769780  11624  98560    0    0     0     0  411 1670  0  0 100  0  0
 0  0      0 12769780  11624  98560    0    0     0     0 1317 5264  0  0 99  0  0
 0  0      0 12769780  11632  98552    0    0     0    12  416 1688  0  0 100  0  0
 0  0      0 12769780  11632  98560    0    0     0     4  911 3623  0  1 99  0  0
 0  0      0 12769780  11632  98560    0    0     0     0  525 2119  0  0 100  0  0
 0  0      0 12769780  11632  98564    0    0     0     0  449 1802  0  0 100  0  0
 0  0      0 12769780  11632  98564    0    0     0     0  125  539  0  0 100  0  0
 0  0      0 12769780  11632  98564    0    0     0     0  503 1977  0  0 100  0  0
 0  0      0 12769780  11640  98564    0    0     0    40  826 3334  0  0 100  0  0
 0  0      0 12769780  11640  98564    0    0     0     0  908 3607  0  0 99  0  0
 0  0      0 12769780  11640  98564    0    0     0     0  912 3605  0  1 99  0  0
 0  0      0 12769780  11640  98564    0    0     0     0  824 3318  0  1 99  0  0
 0  0      0 12769780  11640  98564    0    0     0     0  835 3325  0  0 99  0  0
 0  0      0 12769780  11648  98556    0    0     0    12  489 1989  0  0 99  0  0
 0  0      0 12769780  11648  98556    0    0     0     0    2   18  0  0 100  0  0
 0  0      0 12769780  11648  98556    0    0     0     0  523 2109  0  0 100  0  0
 0  0      0 12769780  11648  98556    0    0     0     0    3   30  0  0 100  0  0
 0  0      0 12769780  11648  98556    0    0     0     0    6   36  0  0 100  0  0
 0  0      0 12769780  11648  98556    0    0     0     0    2   22  0  0 100  0  0
 0  0      0 12769696  11656  98568    0    0     0    32   10   45  0  0 100  0  0
procs -----------memory---------- ---swap-- -----io---- -system-- ------cpu-----
 r  b   swpd   free   buff  cache   si   so    bi    bo   in   cs us sy id wa st
 0  0      0 12769696  11656  98568    0    0     0     0    2   22  0  0 100  0  0
 0  0      0 12769696  11656  98568    0    0     0     0    3   25  0  0 100  0  0
 0  0      0 12769696  11656  98568    0    0     0     0    2   20  0  0 100  0  0
 0  0      0 12769696  11656  98568    0    0     0     0    2   25  0  0 100  0  0
 0  0      0 12769696  11656  98568    0    0     0     0    2   20  0  0 100  0  0
 0  0      0 12769696  11664  98560    0    0     0    12    6   54  0  0 100  0  0
 0  0      0 12769696  11664  98560    0    0     0     0    3   22  0  0 100  0  0
 0  0      0 12769696  11664  98560    0    0     0     0    2   22  0  0 100  0  0
 0  0      0 12769696  11664  98560    0    0     0     0    2   22  0  0 100  0  0
 0  0      0 12769696  11664  98560    0    0     0     0    2   22  0  0 100  0  0
 0  0      0 12769696  11664  98560    0    0     0     0    2   20  0  0 100  0  0
 0  0      0 12769696  11672  98568    0    0     0    12    8   41  0  0 100  0  0
 0  0      0 12769696  11672  98568    0    0     0     0    2   20  0  0 100  0  0
 0  0      0 12769696  11672  98568    0    0     0    24    2   24  0  0 100  0  0
 0  0      0 12769696  11672  98568    0    0     0     0  125  531  0  0 100  0  0
 0  0      0 12769696  11672  98568    0    0     0     0    2   22  0  0 100  0  0
 0  0      0 12769696  11672  98568    0    0     0     0    2   20  0  0 100  0  0
 0  0      0 12769696  11680  98568    0    0     0    16    6   32  0  0 100  0  0
 0  0      0 12769696  11680  98568    0    0     0     4    2   22  0  0 100  0  0
 0  0      0 12769696  11680  98568    0    0     0     0    2   25  0  0 100  0  0
 0  0      0 12769696  11680  98568    0    0     0     0    2   18  0  0 100  0  0
procs -----------memory---------- ---swap-- -----io---- -system-- ------cpu-----
 r  b   swpd   free   buff  cache   si   so    bi    bo   in   cs us sy id wa st
 0  0      0 12769696  11680  98568    0    0     0     0    3   26  0  0 100  0  0
 0  0      0 12769696  11680  98568    0    0     0     0    2   22  0  0 100  0  0
 0  0      0 12769696  11688  98568    0    0     0    28    5   32  0  0 100  0  0
 0  0      0 12769696  11688  98568    0    0     0     0    4   36  0  0 100  0  0
 0  0      0 12769696  11688  98568    0    0     0     0    2   20  0  0 100  0  0
 0  0      0 12769696  11688  98568    0    0     0     0    2   22  0  0 100  0  0
 0  0      0 12769696  11688  98568    0    0     0     0    2   20  0  0 100  0  0
 0  0      0 12769696  11688  98568    0    0     0     0    3   24  0  0 100  0  0
 0  0      0 12769696  11696  98568    0    0     0    20    7   37  0  0 100  0  0
 0  0      0 12769696  11696  98568    0    0     0     0    2   22  0  0 100  0  0
 0  0      0 12769696  11696  98568    0    0     0     0    2   22  0  0 100  0  0
 1  0      0 12769696  11696  98568    0    0     0     0    3   22  0  0 100  0  0
 0  0      0 12769696  11696  98568    0    0     0     0    3   24  0  0 100  0  0
 0  0      0 12769696  11696  98568    0    0     0     0    2   22  0  0 100  0  0
 0  0      0 12769696  11704  98560    0    0     0    12    5   32  0  0 100  0  0
 0  0      0 12769696  11704  98560    0    0     0     0    2   22  0  0 100  0  0
 0  0      0 12769696  11704  98560    0    0     0     0    2   20  0  0 100  0  0
 0  0      0 12769696  11704  98560    0    0     0     0    2   24  0  0 100  0  0
 0  0      0 12769696  11704  98560    0    0     0     0    2   20  0  0 100  0  0
 0  0      0 12769696  11704  98568    0    0     0     0    2   25  0  0 100  0  0
 0  0      0 12769696  11712  98560    0    0     0    12    5   30  0  0 100  0  0
procs -----------memory---------- ---swap-- -----io---- -system-- ------cpu-----
 r  b   swpd   free   buff  cache   si   so    bi    bo   in   cs us sy id wa st
 0  0      0 12769696  11712  98560    0    0     0     0    2   24  0  0 100  0  0
 0  0      0 12769696  11712  98560    0    0     0     0    2   22  0  0 100  0  0
 0  0      0 12769696  11712  98560    0    0     0     0    3   22  0  0 100  0  0
 0  0      0 12769696  11712  98560    0    0     0     0    2   20  0  0 100  0  0
 0  0      0 12769696  11712  98560    0    0     0     0    3   20  0  0 100  0  0
 0  0      0 12769696  11720  98572    0    0     0    12    6   37  0  0 100  0  0
 0  0      0 12769696  11720  98572    0    0     0    16    2   22  0  0 100  0  0
 0  0      0 12769696  11720  98572    0    0     0     0    3   26  0  0 100  0  0
 0  0      0 12769696  11720  98572    0    0     0     0    2   22  0  0 100  0  0
 0  0      0 12769696  11720  98572    0    0     0     0    2   24  0  0 100  0  0
 0  0      0 12769696  11720  98572    0    0     0     0    2   20  0  0 100  0  0
 0  0      0 12769696  11728  98572    0    0     0    12    5   34  0  0 100  0  0
 0  0      0 12769696  11728  98572    0    0     0     0    3   24  0  0 100  0  0
 0  0      0 12769696  11728  98572    0    0     0     0    2   22  0  0 100  0  0
 0  0      0 12769696  11728  98572    0    0     0     0    2   20  0  0 100  0  0
 0  0      0 12769696  11728  98572    0    0     0     0    3   32  0  0 100  0  0
 0  0      0 12769696  11728  98572    0    0     0     8    2   22  0  0 100  0  0
 0  0      0 12769696  11736  98572    0    0     0    20    5   32  0  0 100  0  0
 0  0      0 12769696  11736  98572    0    0     0     0    3   20  0  0 100  0  0
 1  0      0 12769696  11736  98572    0    0     0     0    2   22  0  0 100  0  0
 0  0      0 12769696  11736  98572    0    0     0     0    3   20  0  0 100  0  0
procs -----------memory---------- ---swap-- -----io---- -system-- ------cpu-----
 r  b   swpd   free   buff  cache   si   so    bi    bo   in   cs us sy id wa st
 0  0      0 12769696  11736  98572    0    0     0     0    2   24  0  0 100  0  0
 0  0      0 12769696  11736  98572    0    0     0     0    2   22  0  0 100  0  0
 0  0      0 12769696  11744  98564    0    0     0    12    6   34  0  0 100  0  0
 0  0      0 12769696  11744  98564    0    0     0     0    2   22  0  0 100  0  0
 0  0      0 12769696  11744  98564    0    0     0     0    2   22  0  0 100  0  0
 0  0      0 12769696  11744  98564    0    0     0     0    2   24  0  0 100  0  0
 0  0      0 12769696  11744  98564    0    0     0     0    2   22  0  0 100  0  0
 0  0      0 12769696  11744  98572    0    0     0     0    4   27  0  0 100  0  0
 0  0      0 12769696  11752  98564    0    0     0    12    6   34  0  0 100  0  0
 0  0      0 12769696  11752  98564    0    0     0     0    2   18  0  0 100  0  0
 0  0      0 12769696  11752  98564    0    0     0     0    2   24  0  0 100  0  0
 0  0      0 12769696  11752  98564    0    0     0     0    2   20  0  0 100  0  0
 0  0      0 12769696  11752  98564    0    0     0     0    2   20  0  0 100  0  0
 0  0      0 12769696  11752  98564    0    0     0     0    3   24  0  0 100  0  0
 0  0      0 12769696  11760  98572    0    0     0    12    5   33  0  0 100  0  0
 0  0      0 12769696  11760  98572    0    0     0     0    2   22  0  0 100  0  0
 0  0      0 12769696  11760  98572    0    0     0     0    6   30  0  0 100  0  0
 0  0      0 12769696  11760  98572    0    0     0     0   10   40  0  0 100  0  0
